7
0 12 25 10 33 14 21
12 0 42 15 22 10 18
25 42 0 31 17 50 12
10 15 31 0 28 36 40
33 22 17 28 0 19 25
14 10 50 36 19 0 32
21 18 12 40 25 32 0